4572,1013
4570,1015
4569,1016
4568,1018
4567,1019
4565,1020
4565,1021
4564,1022
4564,1023
4561,1024
4561,1024
4560,1025
4560,1026
4559,1027
4559,1028
4556,1029
4556,1030
4555,1031
4554,1033
4553,1033
4552,1036
4551,1037
4550,1039
4549,1041
4549,1042
4548,1044
4547,1047
4542,1048
4541,1050
4539,1053
4539,1057
4539,1058
4537,1061
4536,1065
4535,1067
4534,1070
4533,1074
4533,1077
4531,1081
4531,1085
4530,1087
4528,1090
4527,1094
4527,1095
4526,1100
4524,1103
4525,1104
4522,1109
4522,1111
4521,1114
4520,1118
4518,1121
4518,1122
4518,1126
4518,1127
4516,1128
4515,1131
4515,1133
4514,1134
4513,1137
4512,1139
4512,1139
4512,1141
4510,1143
4509,1144
4510,1145
4508,1146
4507,1148
4507,1148
4506,1149
4506,1151
4506,1152
4502,1152
4506,1153
4503,1154
4498,1156
4500,1157
4496,1157
4496,1159
4492,1161
4491,1161
4492,1165
4493,1168
4488,1169
4488,1172
4488,1174
4485,1175
4483,1177
4485,1180
4480,1182
4481,1185
4480,1187
4480,1191
4480,1194
4480,1197
4480,1200
4479,1203
4477,1207
4479,1209
4475,1211
4477,1215
4472,1217
4473,1219
4470,1224
4470,1227
4471,1229
4467,1234
4463,1236
4465,1239
4464,1242
4462,1246
4461,1248
4457,1253
4460,1254
4455,1256
4456,1260
4454,1261
4454,1261
4451,1266
4451,1269
4449,1269
4448,1271
4449,1273
4447,1274
4448,1275
4445,1277
4445,1277
4444,1279
4441,1280
4442,1281
4442,1282
4438,1284
4438,1284
4437,1285
4435,1286
4436,1287
4434,1288
4434,1289
4433,1290
4433,1291
4431,1293
4430,1294
4429,1296
4429,1298
4428,1299
4427,1301
4426,1302
4425,1304
4424,1307
4423,1311
4423,1311
4421,1314
4421,1318
4420,1320
4419,1322
4414,1327
4413,1329
4413,1331
4410,1336
4410,1339
4409,1343
4408,1345
4406,1347
4406,1351
4405,1354
4403,1358
4403,1360
4403,1364
4401,1366
4400,1368
4398,1373
4398,1376
4396,1379
4396,1382
4395,1385
4395,1386
4394,1387
4393,1391
4392,1393
4391,1394
4389,1397
4389,1398
4389,1399
4389,1401
4385,1401
4386,1403
4385,1405
4384,1406
4383,1406
4382,1408
4383,1408
4381,1409
4381,1410
4379,1412
4378,1412
4377,1414
4377,1415
4379,1416
4376,1417
4375,1419
4375,1419
4372,1420
4369,1423
4370,1423
4367,1426
4365,1428
4363,1429
4362,1431
4361,1433
4357,1434
4355,1438
4355,1441
4352,1442
4353,1444
4352,1448
4352,1450
4352,1454
4352,1457
4351,1459
4352,1462
4351,1465
4349,1467
4346,1471
4346,1473
4346,1475
4344,1479
4341,1482
4342,1484
4338,1487
4339,1490
4339,1493
4338,1496
4334,1499
4334,1503
4334,1506
4332,1508
4330,1511
4333,1513
4329,1514
4331,1517
4325,1518
4327,1520
4325,1523
4325,1523
4324,1525
4324,1527
4323,1527
4322,1529
4321,1531
4319,1532
4318,1533
4318,1534
4319,1535
4314,1536
4317,1537
4316,1538
4313,1539
4312,1539
4312,1541
4311,1542
4312,1543
4309,1544
4310,1546
4307,1548
4308,1549
4305,1550
4306,1552
4305,1554
4304,1555
4304,1558
4301,1560
4301,1563
4300,1565
4299,1567
4299,1572
4298,1575
4296,1576
4296,1579
4294,1584
4293,1586
4293,1589
4291,1593
4286,1596
4286,1599
4285,1602
4283,1605
4283,1608
4282,1612
4281,1615
4280,1618
4278,1621
4279,1624
4277,1626
4277,1632
4275,1634
4274,1637
4274,1640
4272,1641
4271,1642
4271,1646
4270,1647
4269,1649
4268,1651
4267,1653
4266,1654
4265,1656
4266,1657
4264,1657
4264,1660
4263,1660
4263,1662
4261,1663
4262,1664
4259,1665
4257,1666
4256,1667
4256,1667
4254,1669
4252,1671
4254,1671
4252,1672
4252,1675
4252,1675
4249,1676
4247,1678
4246,1680
4246,1680
4247,1684
4241,1685
4242,1688
4242,1691
4240,1693
4239,1696
4241,1699
4240,1702
4234,1704
4234,1707
4235,1709
4229,1712
4227,1715
4229,1718
4230,1721
4227,1724
4224,1727
4225,1729
4224,1732
4224,1736
4224,1738
4224,1741
4224,1744
4223,1746
4221,1749
4223,1754
4218,1756
4217,1759
4216,1762
4216,1764
4213,1768
4212,1769
4210,1772
4211,1773
4208,1775
4205,1777
4205,1780
4202,1781
4204,1782
4201,1784
4202,1786
4201,1787
4200,1788
4197,1790
4197,1790
4197,1792
4194,1792
4195,1792
4194,1794
4193,1796
4191,1796
4192,1797
4190,1798
4190,1798
4190,1800
4190,1802
4187,1802
4186,1804
4185,1806
4186,1806
4184,1808
4184,1810
4182,1812
4182,1814
4180,1816
4180,1818
4178,1820
4178,1824
4177,1826
4176,1829
4175,1832
4174,1833
4173,1836
4171,1841
4171,1843
4170,1846
4169,1850
4168,1854
4167,1855
4166,1859
4165,1863
4164,1865
4163,1869
4162,1871
4158,1874
4155,1878
4155,1880
4154,1884
4153,1886
4152,1889
4152,1892
4150,1894
4150,1896
4148,1898
4147,1900
4146,1902
4146,1904
4145,1906
4144,1908
4143,1909
4142,1909
4143,1911
4142,1913
4140,1914
4139,1914
4138,1915
4137,1916
4136,1918
4137,1919
4136,1920
4132,1920
4134,1921
4132,1923
4130,1923
4129,1925
4129,1926
4127,1927
4127,1928
4126,1929
4124,1931
4124,1933
4122,1934
4123,1936
4119,1939
4120,1941
4119,1943
4118,1945
4117,1948
4114,1950
4112,1953
4111,1956
4112,1960
4111,1963
4110,1965
4107,1969
4105,1971
4102,1973
4097,1978
4102,1981
4101,1983
4099,1986
4102,1989
4099,1992
4096,1994
4096,1998
4096,2000
4095,2004
4095,2007
4095,2009
4096,2012
4095,2016
4095,2017
4090,2019
4088,2022
4088,2025
4086,2027
4088,2029
4085,2032
4084,2033
4084,2033
4081,2037
4078,2038
4076,2039
4076,2042
4076,2041
4076,2044
4075,2045
4073,2046
4073,2047
4071,2048
4072,2049
4071,2049
4069,2050
4068,2052
4067,2053
4067,2054
4066,2056
4066,2057
4066,2058
4066,2059
4063,2061
4062,2063
4062,2064
4059,2066
4059,2068
4059,2070
4058,2071
4058,2074
4056,2076
4054,2079
4055,2082
4053,2086
4053,2088
4053,2091
4052,2095
4049,2097
4049,2101
4048,2104
4048,2107
4047,2111
4045,2113
4045,2116
4043,2120
4042,2123
4042,2125
4040,2129
4039,2133
4039,2134
4038,2138
4036,2141
4035,2144
4035,2146
4030,2149
4029,2151
4027,2153
4027,2155
4026,2156
4024,2160
4024,2160
4024,2162
4022,2164
4021,2166
4021,2166
4019,2168
4020,2169
4018,2170
4016,2171
4015,2172
4015,2174
4014,2174
4014,2176
4014,2176
4011,2176
4011,2177
4009,2179
4008,2180
4007,2181
4008,2183
4005,2183
4004,2184
4004,2186
4003,2186
4001,2189
4000,2191
3999,2192
3998,2193
3997,2194
3997,2199
3996,2200
3995,2203
3995,2206
3992,2208
3991,2211
3990,2214
3989,2217
3989,2220
3986,2223
3984,2226
3985,2228
3984,2232
3982,2236
3980,2238
3980,2241
3978,2244
3979,2248
3979,2251
3977,2254
3971,2255
3974,2257
3973,2262
3969,2265
3971,2267
3969,2270
3968,2272
3968,2275
3967,2277
3968,2280
3965,2280
3967,2283
3967,2285
3962,2287
3962,2288
3962,2291
3958,2292
3958,2293
3958,2294
3953,2296
3952,2297
3955,2299
3952,2299
3945,2300
3950,2302
3949,2303
3946,2304
3945,2305
3946,2304
3944,2307
3944,2309
3943,2309
3943,2310
3942,2312
3941,2313
3939,2315
3939,2317
3940,2319
3937,2321
3936,2322
3936,2325
3936,2327
3936,2329
3935,2331
3934,2334
3933,2338
3932,2341
3930,2343
3929,2346
3929,2349
3927,2354
3926,2357
3925,2359
3925,2362
3923,2366
3923,2369
3922,2372
3921,2376
3920,2378
3919,2381
3917,2384
3916,2387
3916,2390
3914,2393
3914,2397
3912,2401
3912,2402
3911,2405
3910,2408
3909,2410
3908,2411
3907,2415
3902,2417
3901,2418
3900,2420
3899,2421
3898,2423
3897,2424
3896,2425
3896,2427
3894,2428
3894,2429
3893,2430
3893,2432
3892,2432
3891,2433
3889,2434
3889,2435
3888,2436
3887,2437
3886,2438
3886,2439
3883,2440
3882,2442
3881,2443
3881,2445
3879,2447
3878,2448
3877,2451
3876,2452
3876,2454
3874,2456
3873,2458
3873,2459
3871,2463
3871,2466
3870,2468
3868,2473
3867,2475
3866,2478
3865,2482
3864,2485
3864,2487
3862,2490
3862,2493
3862,2495
3859,2499
3858,2502
3859,2504
3854,2507
3854,2509
3854,2513
3855,2516
3855,2519
3851,2522
3851,2525
3849,2528
3848,2530
3849,2532
3846,2535
3846,2537
3845,2539
3844,2541
3840,2542
3840,2544
3841,2546
3840,2548
3840,2549
3840,2551
3839,2552
3840,2553
3837,2555
3837,2557
3834,2556
3832,2558
3832,2560
3830,2560
3828,2561
3830,2561
3826,2562
3824,2564
3822,2564
3819,2565
3821,2567
3823,2569
3822,2569
3817,2570
3817,2573
3819,2573
3815,2576
3813,2578
3816,2580
3812,2582
3814,2584
3813,2586
3813,2588
3810,2591
3810,2594
3808,2597
3809,2601
3807,2603
3807,2605
3804,2609
3806,2611
3804,2615
3802,2619
3802,2622
3801,2625
3799,2628
3799,2631
3796,2633
3797,2637
3795,2639
3794,2642
3793,2646
3793,2648
3791,2651
3790,2655
3789,2657
3788,2659
3787,2662
3787,2664
3786,2666
3784,2669
3783,2670
3782,2671
3781,2674
3781,2675
3779,2676
3778,2678
3773,2679
3773,2680
3772,2682
3771,2682
3770,2684
3769,2684
3768,2686
3768,2687
3766,2688
3765,2688
3765,2689
3764,2690
3763,2691
3762,2692
3760,2694
3760,2695
3759,2696
3757,2697
3757,2699
3755,2702
3754,2704
3754,2706
3752,2707
3752,2711
3750,2713
3750,2715
3748,2718
3746,2721
3746,2723
3745,2725
3744,2729
3743,2732
3740,2735
3740,2738
3740,2741
3740,2744
3737,2748
3737,2751
3735,2753
3735,2756
3736,2760
3733,2762
3731,2766
3733,2769
3728,2772
3728,2775
3728,2778
3728,2779
3728,2783
3724,2786
3726,2788
3724,2790
3721,2792
3723,2793
3718,2796
3718,2799
3715,2799
3717,2803
3713,2804
3713,2805
3713,2807
3713,2809
3712,2810
3712,2811
3712,2813
3711,2814
3709,2814
3707,2816
3706,2816
3709,2817
3702,2818
3701,2820
3702,2820
3699,2822
3701,2823
3698,2824
3694,2826
3696,2827
3696,2830
3694,2831
3693,2832
3693,2835
3690,2837
3692,2839
3688,2840
3688,2842
3689,2845
3688,2849
3686,2851
3686,2853
3685,2856
3685,2859
3684,2861
3684,2865
3682,2868
3683,2871
3681,2873
3679,2877
3680,2879
3678,2882
3677,2886
3676,2889
3676,2892
3674,2895
3673,2898
3671,2901
3671,2903
3670,2906
3669,2909
3668,2912
3666,2915
3666,2918
3665,2919
3663,2922
3663,2924
3661,2926
3660,2927
3659,2930
3658,2931
3658,2933
3658,2933
3656,2934
3655,2936
3654,2937
3653,2938
3653,2939
3651,2941
3650,2943
3646,2943
3644,2943
3643,2944
3642,2945
3641,2946
3641,2947
3640,2949
3639,2950
3638,2951
3637,2952
3635,2953
3635,2954
3634,2957
3632,2957
3632,2959
3630,2962
3630,2964
3628,2966
3627,2969
3626,2970
3625,2972
3624,2977
3623,2978
3622,2981
3620,2987
3620,2989
3619,2991
3617,2995
3617,2998
3615,3000
3614,3004
3613,3007
3612,3010
3611,3012
3611,3016
3609,3018
3609,3022
3606,3025
3608,3029
3606,3032
3603,3034
3605,3037
3603,3041
3603,3044
3602,3045
3601,3048
3599,3049
3598,3051
3597,3053
3595,3057
3597,3058
3593,3060
3593,3062
3592,3063
3587,3064
3587,3064
3585,3067
3585,3068
3585,3069
3584,3070
3584,3072
3584,3072
3584,3073
3584,3074
3581,3075
3583,3077
3581,3078
3581,3080
3578,3080
3578,3081
3574,3083
3574,3085
3574,3087
3571,3088
3569,3091
3573,3093
3568,3095
3569,3095
3567,3098
3567,3100
3565,3103
3564,3105
3565,3108
3563,3111
3565,3114
3561,3116
3563,3121
3559,3123
3560,3125
3558,3128
3557,3131
3557,3134
3555,3137
3555,3139
3555,3143
3552,3147
3552,3149
3552,3153
3551,3157
3549,3159
3549,3161
3546,3165
3548,3167
3544,3170
3545,3172
3544,3175
3541,3177
3541,3179
3540,3181
3539,3182
3537,3185
3537,3187
3536,3188
3534,3190
3533,3192
3533,3193
3531,3194
3531,3195
3530,3196
3528,3198
3527,3199
3527,3199
3526,3200
3525,3201
3525,3202
3523,3204
3523,3203
3517,3205
3517,3206
3517,3206
3515,3208
3514,3210
3513,3211
3512,3212
3512,3214
3510,3216
3509,3218
3508,3220
3507,3221
3506,3224
3505,3226
3503,3227
3503,3231
3502,3234
3502,3236
3501,3240
3498,3242
3497,3245
3496,3248
3494,3251
3493,3254
3492,3258
3491,3261
3491,3263
3490,3267
3489,3269
3489,3272
3487,3276
3487,3278
3485,3281
3484,3284
3484,3286
3482,3289
3481,3292
3481,3294
3479,3297
3479,3299
3479,3301
3478,3303
3477,3305
3477,3307
3475,3308
3475,3311
3473,3312
3472,3314
3469,3317
3472,3317
3468,3320
3469,3320
3468,3322
3467,3322
3465,3324
3464,3325
3457,3327
3457,3328
3459,3328
3457,3328
3457,3331
3456,3331
3456,3333
3456,3334
3456,3335
3456,3337
3453,3339
3453,3341
3455,3342
3453,3345
3449,3347
3450,3350
3447,3351
3446,3354
3446,3356
3443,3359
3441,3362
3441,3364
3441,3368
3440,3370
3439,3372
3439,3375
3438,3378
3438,3381
3435,3384
3436,3386
3435,3389
3432,3393
3432,3395
3433,3399
3430,3401
3430,3405
3429,3407
3428,3411
3426,3414
3427,3416
3426,3419
3425,3422
3422,3425
3422,3427
3420,3430
3420,3432
3420,3434
3418,3437
3416,3439
3416,3440
3414,3442
3415,3444
3413,3446
3410,3447
3411,3448
3410,3450
3407,3451
3407,3452
3407,3452
3405,3453
3405,3454
3404,3456
3403,3456
3402,3457
3400,3457
3400,3458
3400,3460
3399,3461
3398,3462
3396,3464
3395,3465
3394,3466
3390,3468
3390,3469
3387,3471
3387,3472
3386,3474
3385,3477
3384,3479
3383,3481
3382,3484
3381,3487
3380,3489
3379,3491
3377,3494
3376,3498
3376,3501
3374,3504
3374,3506
3372,3510
3372,3513
3370,3516
3370,3519
3368,3522
3368,3525
3367,3528
3366,3532
3364,3535
3364,3538
3362,3542
3361,3544
3361,3546
3361,3550
3359,3552
3358,3555
3357,3558
3357,3560
3357,3562
3356,3563
3354,3565
3355,3567
3353,3570
3352,3571
3353,3572
3351,3575
3349,3577
3351,3577
3349,3578
3348,3580
3346,3581
3344,3582
3343,3584
3344,3584
3340,3585
3337,3586
3334,3587
3338,3589
3336,3590
3329,3591
3336,3593
3333,3595
3329,3596
3328,3597
3328,3600
3328,3601
3328,3604
3328,3607
3328,3607
3327,3610
3325,3612
3327,3615
3325,3617
3324,3619
3321,3622
3322,3624
3320,3628
3318,3630
3316,3632
3317,3635
3315,3638
3312,3641
3313,3644
3312,3647
3312,3649
3308,3652
3309,3655
3308,3657
3306,3661
3306,3664
3305,3668
3304,3671
3301,3674
3302,3676
3300,3679
3300,3682
3299,3683
3298,3686
3297,3689
3298,3691
3295,3692
3294,3693
3292,3696
3292,3698
3290,3700
3289,3703
3287,3703
3287,3704
3286,3705
3284,3706
3285,3707
3283,3709
3282,3710
3281,3711
3282,3712
3280,3712
3280,3713
3278,3714
3277,3715
3276,3716
3275,3716
3274,3718
3273,3721
3272,3721
3272,3722
3270,3723
3269,3726
3269,3727
3268,3729
3262,3731
3262,3733
3261,3736
3260,3737
3259,3740
3258,3743
3256,3746
3256,3748
3256,3752
3254,3755
3253,3757
3252,3760
3251,3764
3250,3768
3249,3770
3248,3774
3247,3777
3246,3779
3245,3783
3244,3786
3243,3789
3242,3793
3241,3796
3240,3798
3240,3801
3239,3804
3237,3806
3236,3810
3235,3812
3234,3814
3235,3816
3233,3818
3233,3820
3232,3823
3232,3824
3231,3826
3230,3828
3230,3830
3230,3831
3227,3833
3227,3834
3226,3834
3225,3836
3222,3837
3224,3837
3222,3840
3221,3840
3221,3840
3221,3842
3217,3844
3215,3845
3215,3846
3215,3847
3215,3848
3214,3850
3210,3851
3211,3853
3208,3856
3206,3857
3206,3859
3206,3861
3204,3864
3201,3866
3201,3869
3201,3872
3200,3874
3201,3876
3200,3879
3200,3881
3200,3884
3197,3887
3199,3890
3197,3893
3197,3896
3194,3898
3194,3901
3193,3905
3192,3907
3189,3910
3189,3914
3188,3915
3188,3918
3187,3922
3184,3924
3184,3927
3182,3930
3182,3933
3182,3935
3180,3938
3176,3941
3175,3943
3175,3945
3175,3947
3174,3950
3172,3952
3170,3954
3171,3955
3168,3958
3166,3959
3167,3960
3166,3961
3165,3963
3163,3964
3163,3965
3162,3966
3160,3967
3160,3967
3159,3968
3158,3969
3155,3971
3157,3971
3154,3973
3154,3973
3153,3975
3152,3975
3151,3977
3150,3979
3149,3980
3148,3982
3147,3984
3147,3984
3146,3988
3144,3990
3144,3991
3143,3994
3142,3996
3141,3998
3139,4001
3138,4005
3134,4007
3134,4009
3131,4013
3131,4015
3130,4018
3128,4021
3128,4025
3128,4028
3126,4031
3125,4034
3124,4037
3123,4040
3121,4043
3120,4046
3120,4049
3119,4052
3118,4054
3117,4058
3116,4060
3115,4063
3114,4065
3113,4067
3113,4069
3111,4072
3110,4073
3110,4075
3109,4077
3108,4079
3108,4081
3107,4082
3105,4084
3104,4086
3103,4088
3102,4088
3102,4090
3102,4091
3100,4092
3101,4093
3098,4094
3098,4096
3096,4096
3094,4096
3095,4098
3093,4099
3093,4100
3089,4102
3088,4103
3087,4105
3085,4106
3085,4109
3085,4110
3082,4113
3081,4115
3080,4117
3077,4119
3077,4122
3076,4124
3077,4126
3073,4129
3072,4131
3072,4134
3072,4137
3072,4139
3072,4142
3072,4146
3069,4148
3071,4150
3071,4152
3066,4157
3069,4159
3069,4162
3065,4165
3062,4168
3063,4171
3061,4174
3061,4176
3059,4180
3059,4182
3057,4185
3055,4187
3057,4189
3054,4192
3052,4195
3051,4198
3052,4200
3049,4201
3050,4203
3047,4206
3045,4208
3045,4209
3044,4211
3046,4213
3043,4215
3042,4216
3040,4217
3039,4218
3038,4219
3036,4221
3036,4222
3035,4223
3034,4224
3035,4224
3033,4226
3033,4226
3031,4227
3031,4228
3030,4229
3029,4230
3027,4232
3026,4233
3026,4235
3025,4236
3025,4239
3023,4241
3022,4242
3022,4244
3021,4247
3020,4248
3019,4250
3018,4253
3018,4257
3016,4259
3015,4262
3014,4265
3013,4268
3013,4271
3011,4273
3011,4276
3006,4279
3005,4284
3003,4286
3003,4290
3002,4293
3000,4295
3000,4300
2998,4303
2998,4305
2997,4308
2996,4311
2995,4313
2994,4316
2994,4319
2992,4321
2991,4325
2990,4327
2989,4328
2989,4331
2987,4332
2986,4333
2985,4336
2984,4338
2984,4339
2984,4341
2982,4343
2983,4345
2980,4346
2979,4347
2978,4348
2978,4349
2977,4350
2975,4352
2975,4352
2974,4353
2973,4354
2972,4356
2972,4356
2970,4357
2969,4359
2967,4360
2967,4362
2965,4363
2965,4366
2964,4369
2962,4370
2959,4371
2958,4374
2958,4376
2950,4378
2958,4380
2952,4383
2950,4386
2952,4388
2950,4391
2947,4393
2949,4396
2945,4399
2945,4401
2944,4403
2945,4406
2944,4409
2944,4411
2943,4414
2944,4418
2941,4420
2940,4424
2940,4428
2940,4430
2938,4434
2938,4435
2938,4437
2936,4441
2935,4443
2932,4446
2930,4448
2931,4451
2929,4453
2927,4455
2928,4457
2925,4459
2925,4462
2924,4463
2924,4466
2922,4467
2923,4470
2919,4471
2918,4472
2921,4474
2914,4475
2915,4476
2915,4476
2915,4479
2914,4480
2912,4480
2911,4481
2912,4482
2910,4483
2910,4484
2909,4486
2909,4487
2906,4488
2905,4488
2906,4491
2904,4493
2904,4494
2903,4497
2903,4499
2902,4500
2900,4502
2900,4505
2898,4507
2897,4508
2897,4511
2895,4514
2895,4516
2893,4519
2893,4522
2892,4525
2891,4528
2890,4531
2888,4533
2888,4536
2887,4539
2885,4543
2885,4546
2884,4549
2882,4552
2878,4556
2877,4559
2876,4561
2875,4564
2873,4567
2873,4569
2872,4573
2870,4574
2870,4576
2868,4580
2868,4581
2867,4583
2866,4585
2865,4586
2863,4588
2863,4591
2862,4592
2862,4594
2861,4595
2860,4596
2858,4599
2858,4599
2856,4600
2857,4601
2855,4602
2854,4603
2853,4605
2852,4606
2850,4607
2850,4608
2848,4608
2848,4609
2846,4610
2846,4610
2845,4613
2843,4616
2843,4614
2841,4616
2839,4621
2838,4622
2836,4625
2835,4627
2834,4630
2833,4631
2833,4633
2831,4636
2830,4638
2828,4642
2828,4643
2829,4647
2825,4651
2824,4652
2820,4655
2822,4658
2819,4659
2817,4661
2817,4665
2817,4668
2817,4671
2816,4675
2816,4678
2816,4681
2816,4684
2816,4687
2813,4690
2815,4692
2810,4695
2810,4697
2813,4700
2810,4702
2812,4704
2807,4708
2805,4709
2807,4711
2805,4714
2801,4716
2803,4717
2801,4721
2800,4723
2800,4723
2797,4726
2797,4729
2794,4729
2794,4729
2794,4732
2793,4733
2791,4735
2790,4736
2790,4736
2788,4737
2787,4737
2787,4739
2788,4741
2786,4741
2785,4744
2785,4745
2784,4745
2783,4747
2782,4751
2783,4752
2781,4754
2780,4756
2779,4758
2778,4760
2776,4761
2776,4765
2775,4768
2774,4770
2773,4772
2773,4775
2772,4777
2770,4781
2770,4784
2769,4786
2768,4788
2767,4792
2766,4796
2764,4799
2764,4802
2763,4806
2762,4808
2762,4811
2760,4814
2759,4817
2758,4820
2757,4823
2756,4826
2755,4829
2755,4831
2749,4835
2748,4838
2747,4840
2746,4841
2746,4843
2745,4846
2744,4848
2742,4851
2742,4852
2741,4855
2741,4856
2740,4857
2737,4858
2738,4860
2736,4861
2735,4862
2734,4863
2733,4864
2733,4865
2732,4866
2731,4867
2730,4869
2728,4868
2728,4869
2727,4872
2726,4872
2725,4874
2724,4875
2723,4877
2721,4878
2722,4880
2719,4882
2718,4884
2718,4886
2717,4887
2716,4890
2716,4891
2714,4894
2712,4897
2711,4899
2711,4902
2710,4905
2709,4908
2706,4909
2705,4911
2706,4914
2703,4917
2703,4921
2703,4924
2700,4926
2699,4929
2700,4931
2696,4934
2699,4937
2696,4941
2696,4943
2694,4946
2692,4949
2692,4951
2693,4953
2689,4957
2689,4958
2688,4961
2688,4964
2688,4965
2688,4969
2687,4969
2687,4971
2685,4973
2687,4976
2683,4977
2682,4979
2682,4981
2680,4983
2680,4984
2679,4985
2676,4986
2674,4988
2672,4990
2673,4991
2669,4992
2670,4992
2666,4993
2667,4994
2668,4995
2664,4997
2666,4998
2663,4999
2663,5000
2661,5002
2661,5005
2661,5005
2660,5007
2659,5010
2659,5012
2658,5013
2656,5015
2656,5017
2654,5020
2655,5022
2653,5024
2652,5027
2651,5030
2650,5033
2649,5035
2647,5037
2648,5041
2647,5043
2644,5046
2645,5049
2643,5053
2642,5055
2641,5060
2639,5062
2638,5067
2638,5068
2636,5071
2635,5075
2634,5077
2634,5079
2632,5083
2631,5087
2631,5088
2629,5091
2627,5094
2627,5096
2622,5097
2621,5099
2621,5102
2619,5103
2619,5108
2617,5108
2616,5109
2616,5113
2615,5112
2614,5114
2613,5116
2612,5115
2611,5117
2610,5118
2609,5120
2608,5120
2607,5121
2607,5121
2606,5122
2605,5124
2604,5126
2603,5126
2602,5128
2600,5129
2599,5130
2597,5131
2597,5135
2596,5136
2595,5138
2594,5141
2592,5143
2592,5145
2590,5147
2589,5149
2589,5152
2587,5155
2586,5157
2585,5160
2583,5163
2582,5165
2582,5168
2580,5171
2579,5173
2578,5175
2577,5178
2577,5181
2576,5185
2575,5188
2572,5191
2574,5195
2571,5197
2573,5199
2569,5202
2566,5204
2566,5207
2566,5209
2568,5211
2563,5213
2564,5215
2563,5218
2561,5220
2561,5222
2560,5224
2560,5225
2560,5227
2560,5229
2560,5231
2557,5235
2557,5235
2557,5235
2553,5239
2554,5239
2553,5241
2552,5241
2552,5244
2549,5244
2549,5246
2546,5248
2543,5248
2544,5248
2545,5248
2542,5251
2541,5254
2541,5254
2540,5255
2538,5257
2537,5259
2537,5261
2538,5263
2534,5266
2534,5269
2533,5270
2533,5272
2532,5274
2531,5276
2531,5279
2532,5283
2529,5283
2528,5285
2528,5289
2527,5292
2525,5293
2525,5297
2525,5299
2524,5302
2523,5305
2521,5307
2521,5310
2519,5315
2518,5317
2517,5321
2516,5322
2514,5326
2514,5327
2513,5331
2512,5332
2511,5335
2509,5338
2509,5340
2507,5343
2507,5345
2506,5347
2504,5349
2503,5350
2503,5352
2502,5355
2501,5356
2499,5359
2499,5360
2494,5361
2494,5362
2493,5365
2491,5367
2490,5367
2490,5368
2488,5369
2488,5371
2486,5373
2486,5373
2485,5375
2484,5376
2482,5376
2482,5377
2481,5378
2479,5379
2479,5381
2478,5382
2476,5385
2475,5386
2475,5389
2474,5391
2472,5393
2472,5395
2470,5398
2469,5401
2468,5403
2466,5406
2466,5409
2464,5411
2462,5414
2461,5417
2460,5420
2460,5423
2460,5426
2459,5429
2458,5431
2457,5433
2455,5437
2454,5441
2453,5444
2453,5448
2451,5451
2450,5453
2450,5455
2449,5459
2447,5461
2448,5463
2446,5466
2445,5469
2446,5471
2444,5474
2440,5476
2443,5479
2438,5481
2439,5484
2438,5485
2435,5487
2435,5489
2438,5490
2435,5493
2432,5494
2432,5496
2431,5498
2432,5500
2432,5501
2431,5502
2431,5503
2427,5504
2423,5504
2423,5505
2426,5508
2427,5509
2424,5509
2421,5511
2421,5512
2420,5513
2420,5516
2418,5518
2416,5520
2415,5521
2414,5523
2415,5525
2413,5527
2413,5529
2412,5531
2410,5534
2407,5536
2409,5538
2408,5541
2406,5542
2405,5545
2405,5549
2406,5551
2404,5554
2403,5557
2402,5560
2401,5561
2400,5567
2400,5569
2399,5572
2398,5576
2397,5579
2395,5581
2394,5585
2394,5588
2393,5590
2391,5593
2389,5596
2389,5599
2388,5602
2387,5604
2386,5607
2385,5609
2383,5611
2382,5613
2381,5616
2380,5618
2379,5621
2378,5622
2377,5624
2376,5626
2375,5626
2374,5628
2373,5630
2372,5630
2371,5631
2370,5632
2366,5632
2365,5633
2363,5635
2363,5636
2361,5636
2360,5638
2360,5639
2358,5640
2358,5641
2357,5643
2356,5644
2355,5645
2354,5646
2354,5649
2351,5651
2351,5653
2350,5655
2347,5657
2347,5657
2347,5660
2346,5663
2344,5666
2343,5668
2342,5670
2340,5673
2339,5675
2338,5678
2336,5681
2336,5683
2334,5686
2334,5688
2333,5693
2332,5694
2331,5698
2331,5702
2328,5705
2328,5707
2328,5710
2326,5712
2326,5716
2324,5718
2323,5720
2323,5723
2321,5725
2320,5727
2319,5730
2318,5733
2315,5735
2315,5736
2315,5737
2311,5740
2312,5741
2312,5742
2309,5744
2307,5747
2307,5748
2304,5751
2305,5752
2304,5754
2304,5755
2304,5757
2304,5759
2303,5759
2301,5760
2301,5760
2298,5761
2298,5763
2299,5765
2298,5766
2293,5768
2293,5770
2293,5772
2291,5773
2293,5774
2289,5777
2288,5779
2289,5781
2288,5783
2287,5784
2285,5787
2284,5789
2284,5791
2283,5794
2283,5795
2281,5799
2282,5801
2280,5804
2279,5807
2278,5809
2278,5811
2276,5814
2276,5817
2276,5818
2275,5821
2274,5827
2273,5830
2272,5832
2270,5835
2270,5838
2270,5840
2268,5843
2269,5845
2267,5848
2265,5851
2264,5853
2263,5856
2262,5858
2262,5861
2260,5863
2258,5865
2258,5867
2257,5869
2255,5870
2255,5873
2254,5875
2252,5877
2252,5878
2251,5880
2250,5881
2248,5882
2248,5884
2247,5885
2246,5887
2246,5887
2245,5887
2244,5889
2243,5891
2238,5892
2237,5892
2235,5893
2235,5895
2234,5896
2233,5897
2233,5899
2231,5902
2230,5904
2230,5906
2228,5907
2226,5910
2226,5912
2225,5914
2224,5916
2223,5919
2221,5922
2221,5924
2219,5927
2218,5930
2217,5932
2216,5935
2215,5938
2214,5941
2212,5943
2211,5946
2210,5950
2207,5953
2208,5956
2206,5959
2206,5963
2205,5966
2204,5968
2203,5970
2203,5973
2201,5975
2201,5978
2201,5981
2200,5983
2198,5985
2198,5987
2197,5990
2196,5992
2193,5993
2195,5995
2194,5996
2193,5999
2190,6001
2191,6001
2190,6005
2188,6006
2188,6006
2186,6009
2184,6011
2185,6011
2182,6013
2179,6015
2182,6014
2179,6015
2179,6016
2177,6017
2176,6019
2176,6021
2176,6022
2176,6023
2176,6025
2175,6025
2175,6029
2173,6031
2175,6031
2170,6035
2170,6037
2169,6038
2169,6040
2167,6043
2167,6045
2164,6048
2165,6049
2162,6052
2160,6055
2161,6057
2161,6059
2159,6063
2159,6064
2158,6067
2155,6070
2156,6073
2154,6074
2155,6078
2152,6083
2152,6086
2151,6088
2149,6091
2149,6094
2149,6097
2147,6099
2146,6101
2146,6105
2145,6106
2144,6110
2142,6112
2141,6114
2140,6116
2139,6118
2138,6120
2135,6122
2135,6123
2134,6125
2131,6128
2132,6129
2131,6131
2130,6133
2129,6135
2128,6136
2127,6137
2126,6139
2125,6140
2124,6141
2123,6143
2122,6144
2120,6144
2120,6145
2119,6147
2117,6147
2117,6148
2116,6151
2115,6152
2114,6152
2114,6154
2109,6157
2108,6159
2107,6161
2106,6163
2105,6165
2104,6168
2102,6170
2102,6172
2101,6174
2100,6177
2099,6180
2098,6182
2097,6185
2095,6188
2095,6190
2094,6193
2092,6196
2091,6198
2090,6201
2089,6203
2088,6206
2087,6213
2085,6215
2085,6217
2083,6220
2082,6223
2082,6225
2081,6228
2080,6231
2079,6233
2077,6236
2078,6239
2076,6240
2075,6243
2076,6245
2075,6247
2074,6249
2073,6250
2073,6252
2071,6255
2070,6256
2069,6259
2069,6261
2068,6263
2067,6264
2065,6266
2065,6269
2064,6268
2063,6271
2061,6272
2059,6272
2059,6273
2056,6275
2055,6275
2057,6276
2054,6278
2053,6280
2051,6281
2048,6285
2048,6286
2049,6288
2048,6289
2048,6291
2047,6294
2047,6296
2047,6298
2047,6300
2043,6303
2044,6306
2042,6306
2042,6310
2038,6313
2041,6315
2038,6317
2039,6320
2038,6322
2036,6324
2035,6327
2035,6331
2033,6333
2031,6338
2033,6341
2031,6343
2028,6346
2030,6348
2027,6350
2027,6354
2025,6356
2023,6359
2023,6361
2021,6365
2021,6366
2021,6369
2018,6371
2018,6374
2017,6376
2017,6377
2015,6380
2015,6383
2014,6384
2012,6385
2011,6388
2010,6389
2008,6391
2006,6392
2007,6394
2007,6395
2005,6398
2004,6399
2003,6399
2002,6400
2001,6400
1999,6401
1998,6402
1998,6404
1996,6406
1996,6407
1995,6408
1994,6409
1993,6410
1992,6412
1992,6415
1990,6416
1990,6418
1989,6420
1987,6422
1986,6423
1982,6426
1981,6428
1979,6430
1979,6433
1977,6435
1976,6437
1976,6441
1974,6443
1974,6445
1973,6448
1971,6450
1970,6453
1968,6456
1969,6458
1967,6461
1966,6466
1965,6470
1963,6473
1963,6475
1961,6478
1961,6480
1959,6483
1959,6486
1957,6487
1956,6491
1955,6493
1954,6495
1954,6498
1953,6500
1951,6503
1951,6505
1952,6507
1950,6507
1950,6510
1949,6512
1948,6514
1946,6516
1946,6518
1944,6520
1944,6521
1944,6522
1942,6524
1938,6525
1939,6526
1940,6527
1937,6528
1937,6529
1935,6529
1935,6533
1934,6533
1934,6534
1933,6536
1931,6538
1930,6540
1926,6541
1927,6543
1927,6545
1923,6548
1924,6549
1923,6551
1921,6552
1920,6555
1921,6558
1920,6561
1920,6563
1920,6566
1920,6568
1919,6570
1920,6572
1917,6575
1916,6578
1917,6580
1916,6582
1913,6585
1912,6587
1913,6590
1908,6595
1911,6599
1906,6601
1908,6603
1909,6606
1905,6608
1904,6611
1903,6613
1902,6615
1901,6618
1900,6621
1899,6623
1898,6625
1896,6628
1896,6630
1894,6633
1893,6634
1892,6635
1891,6637
1891,6640
1889,6642
1888,6644
1887,6645
1886,6648
1884,6648
1884,6650
1882,6651
1882,6653
1880,6654
1881,6655
1879,6656
1877,6656
1877,6656
1876,6658
1873,6661
1873,6661
1872,6662
1872,6663
1871,6666
1870,6668
1869,6668
1868,6671
1867,6673
1866,6675
1866,6677
1864,6679
1862,6681
1861,6683
1861,6686
1860,6689
1858,6691
1854,6693
1853,6697
1853,6699
1850,6702
1849,6704
1849,6707
1848,6710
1846,6712
1846,6714
1845,6721
1843,6723
1842,6727
1841,6730
1839,6732
1839,6734
1838,6737
1837,6740
1836,6743
1835,6745
1833,6748
1833,6750
1832,6753
1832,6755
1831,6756
1829,6760
1828,6761
1828,6763
1826,6765
1825,6767
1824,6769
1825,6771
1823,6773
1823,6774
1822,6777
1820,6777
1819,6779
1819,6781
1819,6781
1818,6782
1817,6784
1814,6784
1812,6785
1812,6785
1811,6788
1811,6789
1810,6791
1808,6793
1806,6794
1804,6796
1806,6798
1805,6802
1804,6802
1802,6804
1800,6806
1800,6809
1798,6811
1796,6813
1798,6816
1795,6818
1796,6821
1793,6824
1793,6826
1793,6828
1792,6831
1792,6833
1792,6836
1791,6839
1792,6840
1791,6842
1789,6846
1789,6851
1787,6854
1786,6856
1785,6859
1784,6862
1782,6864
1782,6867
1783,6870
1779,6872
1779,6875
1777,6877
1777,6879
1777,6881
1774,6885
1774,6887
1773,6889
1771,6891
1770,6893
1770,6894
1767,6898
1766,6899
1765,6901
1764,6903
1763,6905
1762,6905
1762,6907
1761,6909
1760,6909
1759,6911
1758,6912
1756,6912
1756,6915
1755,6915
1755,6916
1752,6918
1751,6918
1751,6920
1749,6920
1749,6922
1748,6924
1748,6926
1745,6928
1745,6930
1744,6932
1743,6935
1742,6935
1741,6939
1740,6940
1740,6941
1739,6946
1736,6948
1736,6950
1735,6953
1734,6955
1733,6958
1732,6961
1731,6963
1730,6966
1726,6969
1724,6972
1723,6977
1721,6979
1720,6983
1720,6986
1719,6989
1718,6991
1717,6993
1716,6996
1714,6999
1714,7002
1713,7004
1711,7006
1711,7010
1710,7012
1709,7013
1707,7015
1707,7017
1705,7020
1705,7022
1704,7024
1704,7026
1700,7027
1701,7028
1700,7031
1698,7033
1699,7034
1698,7034
1696,7038
1695,7037
1693,7039
1695,7040
1694,7040
1693,7042
1691,7042
1690,7043
1687,7045
1688,7047
1687,7047
1686,7049
1684,7053
1683,7054
1682,7055
1681,7059
1679,7061
1679,7062
1678,7065
1675,7067
1677,7069
1673,7072
1671,7074
1673,7075
1671,7079
1671,7081
1667,7084
1667,7087
1667,7087
1665,7090
1667,7094
1664,7095
1664,7098
1664,7101
1663,7106
1664,7109
1663,7111
1663,7113
1660,7116
1660,7119
1661,7120
1657,7123
1657,7125
1657,7126
1656,7131
1654,7133
1654,7134
1654,7138
1649,7140
1649,7142
1648,7143
1646,7145
1647,7149
1646,7149
1643,7150
1642,7153
1641,7156
1639,7156
1640,7159
1637,7160
1637,7163
1637,7164
1635,7164
1635,7167
1633,7166
1633,7168
1631,7168
1631,7169
1631,7170
1629,7172
1629,7173
1628,7174
1626,7176
1625,7178
1623,7180
1623,7182
1623,7184
1622,7186
1622,7187
1620,7189
1620,7192
1618,7194
1619,7196
1617,7198
1617,7201
1615,7203
1614,7206
1614,7208
1612,7210
1610,7214
1610,7216
1609,7218
1607,7222
1606,7224
1606,7226
1604,7230
1603,7236
1602,7238
1597,7241
1597,7243
1596,7246
1594,7249
1594,7251
1593,7254
1592,7257
1590,7259
1590,7262
1588,7264
1587,7267
1586,7269
1585,7271
1585,7273
1583,7275
1583,7276
1582,7278
1581,7281
1579,7282
1578,7283
1577,7286
1577,7288
1576,7289
1575,7290
1574,7292
1573,7292
1572,7293
1571,7295
1570,7296
1570,7296
1569,7297
1567,7299
1566,7301
1565,7302
1564,7302
1563,7305
1563,7307
1562,7308
1559,7310
1559,7313
1556,7314
1556,7317
1554,7319
1555,7321
1554,7323
1552,7325
1551,7327
1551,7331
1548,7332
1545,7335
1545,7338
1544,7340
1544,7343
1544,7345
1540,7347
1540,7349
1539,7352
1539,7355
1537,7358
1537,7363
1537,7366
1536,7368
1536,7370
1536,7373
1536,7375
1536,7379
1535,7380
1535,7383
1533,7386
1532,7387
1532,7389
1529,7392
1529,7395
1528,7396
1529,7400
1527,7401
1526,7403
1522,7406
1523,7406
1522,7409
1520,7411
1519,7412
1520,7414
1518,7417
1515,7418
1517,7419
1514,7421
1514,7423
1512,7424
1511,7425
1509,7425
1509,7426
1509,7429
1509,7429
1509,7431
1507,7432
1506,7434
1505,7434
1504,7438
1503,7439
1504,7441
1501,7443
1500,7445
1499,7447
1498,7449
1498,7451
1497,7453
1495,7456
1495,7458
1494,7460
1494,7463
1493,7466
1491,7468
1490,7471
1489,7473
1488,7476
1487,7479
1486,7481
1485,7484
1483,7490
1483,7493
1481,7495
1480,7497
1479,7501
1478,7504
1477,7507
1476,7508
1475,7511
1470,7513
1469,7516
1468,7519
1467,7522
1466,7525
1465,7526
1464,7528
1462,7530
1462,7533
1461,7534
1461,7537
1458,7538
1458,7540
1456,7542
1455,7544
1455,7545
1454,7546
1453,7548
1452,7549
1451,7550
1449,7551
1449,7552
1448,7553
1447,7553
1447,7555
1444,7557
1443,7557
1442,7559
1441,7561
1440,7562
1439,7563
1438,7566
1437,7568
1436,7570
1434,7573
1434,7575
1434,7576
1431,7579
1430,7581
1430,7582
1428,7586
1426,7588
1427,7590
1425,7593
1424,7596
1420,7597
1420,7600
1421,7603
1418,7604
1418,7608
1416,7610
1415,7612
1414,7618
1415,7621
1412,7623
1412,7626
1411,7628
1410,7630
1411,7633
1409,7636
1408,7637
1410,7640
1409,7643
1408,7644
1408,7646
1405,7649
1407,7651
1405,7653
1405,7655
1404,7657
1402,7660
1401,7662
1401,7663
1400,7665
1396,7666
1398,7669
1394,7671
1394,7670
1393,7674
1393,7675
1394,7675
1391,7678
1391,7678
1388,7680
1389,7680
1386,7682
1386,7683
1385,7683
1384,7684
1384,7686
1383,7688
1382,7690
1381,7691
1381,7695
1379,7695
1379,7697
1377,7701
1377,7703
1378,7704
1375,7707
1376,7709
1374,7711
1372,7713
1372,7716
1372,7718
1370,7721
1369,7724
1368,7726
1367,7729
1367,7731
1364,7733
1363,7737
1363,7739
1362,7742
1361,7748
1359,7750
1358,7751
1358,7755
1356,7757
1355,7759
1354,7763
1353,7765
1352,7767
1351,7770
1349,7773
1349,7776
1348,7777
1347,7779
1342,7783
1341,7786
1340,7787
1339,7789
1338,7790
1336,7792
1337,7794
1336,7796
1333,7798
1333,7799
1332,7802
1330,7803
1330,7804
1329,7806
1328,7807
1327,7808
1326,7808
1325,7809
1324,7810
1323,7812
1321,7814
1321,7814
1319,7817
1318,7818
1318,7821
1317,7822
1314,7824
1314,7826
1313,7828
1312,7831
1311,7834
1310,7835
1309,7837
1307,7840
1306,7842
1305,7845
1305,7847
1303,7850
1301,7853
1300,7855
1297,7858
1298,7860
1295,7863
1296,7865
1295,7867
1293,7870
1291,7876
1292,7879
1292,7881
1288,7884
1288,7886
1286,7888
1283,7891
1286,7893
1283,7895
1280,7897
1280,7900
1281,7902
1280,7905
1281,7906
1280,7910
1280,7911
1280,7912
1279,7915
1279,7916
1277,7918
1277,7920
1274,7922
1273,7925
1273,7926
1273,7928
1272,7930
1269,7931
1268,7932
1267,7933
1267,7935
1266,7936
1265,7936
1263,7936
1263,7939
1261,7939
1260,7942
1259,7942
1258,7944
1259,7946
1259,7948
1258,7949
1254,7952
1255,7954
1254,7955
1253,7958
1253,7960
1253,7962
1252,7964
1251,7965
1251,7969
1250,7970
1249,7974
1249,7976
1249,7978
1247,7981
1246,7983
1245,7986
1244,7988
1243,7991
1242,7993
1241,7996
1241,8002
1239,8005
1237,8007
1237,8009
1236,8013
1234,8014
1233,8017
1233,8020
1231,8022
1230,8025
1230,8027
1228,8029
1227,8032
1226,8034
1224,8036
1223,8039
1222,8040
1222,8043
1221,8045
1220,8046
1218,8048
1214,8050
1214,8052
1212,8054
1210,8056
1210,8057
1209,8059
1208,8059
1208,8060
1206,8063
1205,8063
1205,8064
1203,8064
1202,8065
1202,8068
1200,8068
1200,8071
1198,8072
1197,8074
1196,8076
1195,8077
1195,8080
1193,8082
1191,8084
1190,8087
1190,8089
1188,8090
1187,8093
1186,8095
1184,8098
1183,8100
1182,8103
1181,8105
1181,8109
1180,8110
1179,8113
1178,8116
1177,8119
1174,8121
1176,8123
1175,8126
1173,8132
1171,8134
1171,8137
1169,8140
1169,8142
1167,8144
1167,8147
1167,8149
1161,8151
1163,8154
1164,8157
1161,8159
1159,8161
1159,8163
1158,8165
1159,8166
1155,8169
1156,8171
1155,8173
1155,8176
1152,8177
1152,8180
1152,8182
1152,8183
1152,8186
1152,8187
1149,8188
1149,8190
1149,8191
1146,8192
1145,8192
1146,8193
1142,8196
1140,8197
1143,8198
1139,8200
1137,8201
1138,8203
1137,8204
1135,8206
1135,8209
1135,8209
1134,8212
1133,8215
1133,8216
1131,8217
1130,8221
1129,8221
1129,8225
1129,8227
1127,8229
1128,8232
1126,8234
1125,8236
1124,8239
1123,8242
1123,8244
1123,8247
1122,8249
1122,8251
1119,8254
1118,8260
1117,8263
1117,8265
1115,8268
1115,8270
1113,8272
1111,8275
1109,8277
1109,8280
1107,8283
1107,8285
1106,8288
1105,8290
1103,8292
1103,8294
1101,8296
1099,8299
1099,8300
1098,8302
1097,8304
1096,8306
1095,8308
1095,8309
1093,8310
1093,8313
1090,8315
1090,8316
1086,8316
1085,8319
1084,8320
1082,8320
1081,8321
1080,8321
1080,8324
1078,8324
1077,8326
1077,8327
1076,8329
1074,8330
1073,8333
1071,8335
1071,8336
1070,8338
1069,8341
1068,8344
1066,8345
1065,8347
1064,8349
1063,8352
1061,8355
1061,8357
1059,8359
1057,8363
1056,8365
1055,8367
1054,8370
1053,8372
1053,8375
1051,8377
1050,8380
1050,8386
1048,8389
1048,8391
1048,8394
1046,8396
1045,8398
1045,8401
1042,8404
1041,8406
1041,8408
1040,8410
1040,8413
1039,8414
1039,8417
1037,8420
1037,8422
1034,8424
1034,8426
1034,8427
1032,8430
1031,8432
1031,8433
1030,8435
1027,8438
1025,8438
1025,8440
1024,8444
1025,8444
1024,8447
1024,8447
1024,8448
1023,8448
1023,8449
1023,8451
1023,8453
1021,8453
1023,8456
1021,8458
1018,8460
1017,8461
1017,8464
1018,8467
1015,8469
1014,8469
1014,8472
1014,8474
1012,8476
1011,8478
1008,8480
1009,8482
1009,8485
1007,8487
1007,8489
1004,8491
1006,8493
1002,8496
1004,8499
1003,8500
1002,8503
1000,8506
997,8508
999,8510
997,8517
996,8519
996,8521
995,8524
993,8527
992,8529
991,8532
990,8535
989,8536
988,8539
986,8542
985,8544
984,8547
983,8550
982,8550
981,8553
979,8555
978,8556
977,8558
975,8562
975,8563
974,8564
972,8567
971,8568
970,8570
970,8570
968,8573
967,8574
